0.0000	1.00000000
0.0500	0.91201084
0.1000	0.83176377
0.1500	0.75857758
0.2000	0.69183097
0.2500	0.63095734
0.3000	0.57543994
0.3500	0.52480746
0.4000	0.47863009
0.4500	0.43651583
0.5000	0.39810717
0.5500	0.36307805
0.6000	0.33113112
0.6500	0.30199517
0.7000	0.27542287
0.7500	0.25118864
0.8000	0.22908677
0.8500	0.20892961
0.9000	0.19054607
0.9500	0.17378008
1.0000	0.15848932
1.0500	0.14454398
1.1000	0.13182567
1.1500	0.12022644
1.2000	0.10964782
1.2500	0.10000000
1.3000	0.09120108
1.3500	0.08317638
1.4000	0.07585776
1.4500	0.06918310
1.5000	0.06309573
1.5500	0.05754399
1.6000	0.05248075
1.6500	0.04786301
1.7000	0.04365158
1.7500	0.03981072
1.8000	0.03630781
1.8500	0.03311311
1.9000	0.03019952
1.9500	0.02754229
2.0000	0.02511886
2.0500	0.02290868
2.1000	0.02089296
2.1500	0.01905461
2.2000	0.01737801
2.2500	0.01584893
2.3000	0.01445440
2.3500	0.01318257
2.4000	0.01202264
2.4500	0.01096478
2.5000	0.01000000
2.5500	0.00912011
2.6000	0.00831764
2.6500	0.00758578
2.7000	0.00691831
2.7500	0.00630957
2.8000	0.00575440
2.8500	0.00524807
2.9000	0.00478630
2.9500	0.00436516
3.0000	0.00398107
3.0500	0.00363078
3.1000	0.00331131
3.1500	0.00301995
3.2000	0.00275423
3.2500	0.00251189
3.3000	0.00229087
3.3500	0.00208930
3.4000	0.00190546
3.4500	0.00173780
3.5000	0.00158489
3.5500	0.00144544
3.6000	0.00131826
3.6500	0.00120226
3.7000	0.00109648
3.7500	0.00100000
3.8000	0.00091201
3.8500	0.00083176
3.9000	0.00075858
3.9500	0.00069183
4.0000	0.00063096
4.0500	0.00057544
4.1000	0.00052481
4.1500	0.00047863
4.2000	0.00043652
4.2500	0.00039811
4.3000	0.00036308
4.3500	0.00033113
4.4000	0.00030200
4.4500	0.00027542
4.5000	0.00025119
4.5500	0.00022909
4.6000	0.00020893
4.6500	0.00019055
4.7000	0.00017378
4.7500	0.00015849
4.8000	0.00014454
4.8500	0.00013183
4.9000	0.00012023
4.9500	0.00010965
5.0000	0.00010000
