0.00000000
0.36108309
-0.66500036
0.87054314
-0.95098370
0.89751849
-0.72015067
0.44593799
-0.11490049
-0.22579791
0.52855072
-0.75194368
0.86640080
-0.85807456
0.73047247
-0.50363693
0.21103923
0.10533616
-0.40099823
0.63519008
-0.77649043
0.80700854
-0.72461566
0.54293977
-0.28916737
0.00000000
0.28363619
-0.52236778
0.68382472
-0.74701199
0.70501427
-0.56568917
0.35029100
-0.09025606
-0.17736766
0.41518453
-0.59066306
0.68057085
-0.67403046
0.57379710
-0.39561438
0.16577448
0.08274314
-0.31499014
0.49895135
-0.60994490
0.63391734
-0.56919649
0.42648735
-0.22714531
0.00000000
0.22280049
-0.41032774
0.53715460
-0.58678914
0.55379930
-0.44435735
0.27515884
-0.07089749
-0.13932496
0.32613369
-0.46397471
0.53459864
-0.52946106
0.45072625
-0.31076104
0.13021835
0.06499598
-0.24742949
0.39193379
-0.47912089
0.49795160
-0.44711240
0.33501223
-0.17842606
0.00000000
0.17501313
-0.32231861
0.42194301
-0.46093169
0.43501768
-0.34904938
0.21614141
-0.05569104
-0.10944185
0.25618292
-0.36445911
0.41993526
-0.41589962
0.35405224
-0.24410747
0.10228847
0.05105532
-0.19435958
0.30786988
-0.37635666
0.39114846
-0.35121351
0.26315714
-0.14015635
0.00000000
0.13747545
-0.25318611
0.33144257
-0.36206877
0.34171292
-0.27418353
0.16978232
-0.04374615
-0.08596822
0.20123553
-0.28628811
0.32986546
-0.32669540
0.27811336
-0.19175008
0.08034913
0.04010472
-0.15267237
0.24183642
-0.29563381
0.30725300
-0.27588349
0.20671389
-0.11009492
0.00000000
0.10798903
-0.19888149
0.26035312
-0.28441046
0.26842064
-0.21537528
0.13336657
-0.03436326
-0.06752933
0.15807353
-0.22488361
0.25911428
-0.25662415
0.21846222
-0.15062257
0.06311545
0.03150286
-0.11992644
0.18996614
-0.23222480
0.24135185
-0.21671063
0.16237687
-0.08648121
0.00000000
0.08482701
-0.15622440
0.20451129
-0.22340869
0.21084844
-0.16918052
0.10476144
-0.02699286
-0.05304530
0.12416914
-0.17664946
0.20353816
-0.20158213
0.17160536
-0.11831629
0.04957813
0.02474597
-0.09420402
0.14922126
-0.18241607
0.18958550
-0.17022946
0.12754947
-0.06793229
0.00000000
0.06663289
-0.12271662
0.16064669
-0.17549089
0.16562462
-0.13289384
0.08229169
-0.02120330
-0.04166788
0.09753672
-0.13876080
0.15988228
-0.15834579
0.13479859
-0.09293923
0.03894437
0.01943833
-0.07399868
0.11721554
-0.14329057
0.14892226
-0.13371780
0.10019202
-0.05336184
0.00000000
0.05234114
-0.09639575
0.12619039
-0.13785073
0.13010063
-0.10439011
0.06464136
-0.01665551
-0.03273075
0.07661656
-0.10899870
0.12558994
-0.12438300
0.10588632
-0.07300516
0.03059139
0.01526910
-0.05812707
0.09207457
-0.11255689
0.11698068
-0.10503734
0.07870234
-0.04191653
0.00000000
0.04111475
-0.07572031
0.09912445
-0.10828382
0.10219600
-0.08200000
0.05077676
-0.01308315
-0.02571049
0.06018346
-0.08562012
0.09865278
-0.09770471
0.08317529
-0.05734665
0.02402999
0.01199411
-0.04565969
0.07232596
-0.08841513
0.09189008
-0.08250841
0.06182187
-0.03292606
0.00000000
0.03229625
-0.05947944
0.07786375
-0.08505857
0.08027649
-0.06441223
0.03988591
-0.01027701
-0.02019598
0.04727501
-0.06725589
0.07749324
-0.07674852
0.06533544
-0.04504666
0.01887592
0.00942155
-0.03586637
0.05681313
-0.06945142
0.07218104
-0.06481160
0.04856201
-0.02586392
0.00000000
0.02536919
-0.04672199
0.06116314
-0.06681478
0.06305839
-0.05059678
0.03133098
-0.00807275
-0.01586425
0.03713523
-0.05283051
0.06087211
-0.06028712
0.05132197
-0.03538483
0.01482732
0.00740077
-0.02817357
0.04462757
-0.05455513
0.05669929
-0.05091048
0.03814619
-0.02031649
0.00000000
0.01992788
-0.03670083
0.04804457
-0.05248402
0.04953332
-0.03974453
0.02461096
-0.00634126
-0.01246160
0.02917028
-0.04149916
0.04781596
-0.04735644
0.04031418
-0.02779531
0.01164708
0.00581342
-0.02213077
0.03505562
-0.04285387
0.04453814
-0.03999095
0.02996440
-0.01595891
0.00000000
0.01565365
-0.02882905
0.03773973
-0.04122698
0.03890916
-0.03121993
0.01933228
-0.00498116
-0.00978878
0.02291370
-0.03259821
0.03756015
-0.03719919
0.03166740
-0.02183364
0.00914896
0.00456653
-0.01738405
0.02753672
-0.03366236
0.03498538
-0.03141349
0.02353749
-0.01253597
0.00000000
0.01229618
-0.02264565
0.02964513
-0.03238442
0.03056373
-0.02452372
0.01518579
-0.00391277
-0.00768923
0.01799905
-0.02560639
0.02950406
-0.02922053
0.02487522
-0.01715065
0.00718664
0.00358708
-0.01365543
0.02163051
-0.02644229
0.02748154
-0.02467577
0.01848905
-0.00984719
0.00000000
0.00965883
-0.01778850
0.02328669
-0.02543845
0.02400827
-0.01926375
0.01192867
-0.00307354
-0.00604001
0.01413853
-0.02011420
0.02317589
-0.02295316
0.01953986
-0.01347209
0.00564522
0.00281770
-0.01072655
0.01699109
-0.02077082
0.02158717
-0.01938319
0.01452343
-0.00773511
0.00000000
0.00758716
-0.01397314
0.01829205
-0.01998228
0.01885886
-0.01513197
0.00937015
-0.00241431
-0.00474452
0.01110603
-0.01580001
0.01820501
-0.01803005
0.01534885
-0.01058253
0.00443440
0.00221335
-0.00842586
0.01334676
-0.01631579
0.01695704
-0.01522579
0.01140837
-0.00607605
0.00000000
0.00595983
-0.01097611
0.01436868
-0.01569638
0.01481392
-0.01188639
0.00736039
-0.00189648
-0.00372689
0.00872395
-0.01241114
0.01430031
-0.01416288
0.01205675
-0.00831274
0.00348329
0.00173862
-0.00661864
0.01048408
-0.01281630
0.01332001
-0.01196008
0.00896145
-0.00477283
0.00000000
0.00468153
-0.00862190
0.01128681
-0.01232974
0.01163655
-0.00933694
0.00578170
-0.00148971
-0.00292753
0.00685279
-0.00974914
0.01123311
-0.01112515
0.00947076
-0.00652978
0.00273618
0.00136571
-0.00519904
0.00823540
-0.01006739
0.01046307
-0.00939483
0.00703935
-0.00374913
0.00000000
0.00367741
-0.00677263
0.00886596
-0.00968520
0.00914069
-0.00733430
0.00454161
-0.00117019
-0.00229962
0.00538297
-0.00765810
0.00882377
-0.00873898
0.00743942
-0.00512924
0.00214931
0.00107279
-0.00408393
0.00646903
-0.00790809
0.00821890
-0.00737978
0.00552952
-0.00294500
0.00000000
0.36108309
-0.66500036
0.87054314
-0.95098370
0.89751849
-0.72015067
0.44593799
-0.11490049
-0.22579791
0.52855072
-0.75194368
0.86640080
-0.85807456
0.73047247
-0.50363693
0.21103923
0.10533616
-0.40099823
0.63519008
-0.77649043
0.80700854
-0.72461566
0.54293977
-0.28916737
0.00000000
0.28363619
-0.52236778
0.68382472
-0.74701199
0.70501427
-0.56568917
0.35029100
-0.09025606
-0.17736766
0.41518453
-0.59066306
0.68057085
-0.67403046
0.57379710
-0.39561438
0.16577448
0.08274314
-0.31499014
0.49895135
-0.60994490
0.63391734
-0.56919649
0.42648735
-0.22714531
0.00000000
0.22280049
-0.41032774
0.53715460
-0.58678914
0.55379930
-0.44435735
0.27515884
-0.07089749
-0.13932496
0.32613369
-0.46397471
0.53459864
-0.52946106
0.45072625
-0.31076104
0.13021835
0.06499598
-0.24742949
0.39193379
-0.47912089
0.49795160
-0.44711240
0.33501223
-0.17842606
0.00000000
0.17501313
-0.32231861
0.42194301
-0.46093169
0.43501768
-0.34904938
0.21614141
-0.05569104
-0.10944185
0.25618292
-0.36445911
0.41993526
-0.41589962
0.35405224
-0.24410747
0.10228847
0.05105532
-0.19435958
0.30786988
-0.37635666
0.39114846
-0.35121351
0.26315714
-0.14015635
0.00000000
0.13747545
-0.25318611
0.33144257
-0.36206877
0.34171292
-0.27418353
0.16978232
-0.04374615
-0.08596822
0.20123553
-0.28628811
0.32986546
-0.32669540
0.27811336
-0.19175008
0.08034913
0.04010472
-0.15267237
0.24183642
-0.29563381
0.30725300
-0.27588349
0.20671389
-0.11009492
0.00000000
0.10798903
-0.19888149
0.26035312
-0.28441046
0.26842064
-0.21537528
0.13336657
-0.03436326
-0.06752933
0.15807353
-0.22488361
0.25911428
-0.25662415
0.21846222
-0.15062257
0.06311545
0.03150286
-0.11992644
0.18996614
-0.23222480
0.24135185
-0.21671063
0.16237687
-0.08648121
0.00000000
0.08482701
-0.15622440
0.20451129
-0.22340869
0.21084844
-0.16918052
0.10476144
-0.02699286
-0.05304530
0.12416914
-0.17664946
0.20353816
-0.20158213
0.17160536
-0.11831629
0.04957813
0.02474597
-0.09420402
0.14922126
-0.18241607
0.18958550
-0.17022946
0.12754947
-0.06793229
0.00000000
0.06663289
-0.12271662
0.16064669
-0.17549089
0.16562462
-0.13289384
0.08229169
-0.02120330
-0.04166788
0.09753672
-0.13876080
0.15988228
-0.15834579
0.13479859
-0.09293923
0.03894437
0.01943833
-0.07399868
0.11721554
-0.14329057
0.14892226
-0.13371780
0.10019202
-0.05336184
0.00000000
0.05234114
-0.09639575
0.12619039
-0.13785073
0.13010063
-0.10439011
0.06464136
-0.01665551
-0.03273075
0.07661656
-0.10899870
0.12558994
-0.12438300
0.10588632
-0.07300516
0.03059139
0.01526910
-0.05812707
0.09207457
-0.11255689
0.11698068
-0.10503734
0.07870234
-0.04191653
0.00000000
0.04111475
-0.07572031
0.09912445
-0.10828382
0.10219600
-0.08200000
0.05077676
-0.01308315
-0.02571049
0.06018346
-0.08562012
0.09865278
-0.09770471
0.08317529
-0.05734665
0.02402999
0.01199411
-0.04565969
0.07232596
-0.08841513
0.09189008
-0.08250841
0.06182187
-0.03292606
0.00000000
0.03229625
-0.05947944
0.07786375
-0.08505857
0.08027649
-0.06441223
0.03988591
-0.01027701
-0.02019598
0.04727501
-0.06725589
0.07749324
-0.07674852
0.06533544
-0.04504666
0.01887592
0.00942155
-0.03586637
0.05681313
-0.06945142
0.07218104
-0.06481160
0.04856201
-0.02586392
0.00000000
0.02536919
-0.04672199
0.06116314
-0.06681478
0.06305839
-0.05059678
0.03133098
-0.00807275
-0.01586425
0.03713523
-0.05283051
0.06087211
-0.06028712
0.05132197
-0.03538483
0.01482732
0.00740077
-0.02817357
0.04462757
-0.05455513
0.05669929
-0.05091048
0.03814619
-0.02031649
0.00000000
0.01992788
-0.03670083
0.04804457
-0.05248402
0.04953332
-0.03974453
0.02461096
-0.00634126
-0.01246160
0.02917028
-0.04149916
0.04781596
-0.04735644
0.04031418
-0.02779531
0.01164708
0.00581342
-0.02213077
0.03505562
-0.04285387
0.04453814
-0.03999095
0.02996440
-0.01595891
0.00000000
0.01565365
-0.02882905
0.03773973
-0.04122698
0.03890916
-0.03121993
0.01933228
-0.00498116
-0.00978878
0.02291370
-0.03259821
0.03756015
-0.03719919
0.03166740
-0.02183364
0.00914896
0.00456653
-0.01738405
0.02753672
-0.03366236
0.03498538
-0.03141349
0.02353749
-0.01253597
0.00000000
0.01229618
-0.02264565
0.02964513
-0.03238442
0.03056373
-0.02452372
0.01518579
-0.00391277
-0.00768923
0.01799905
-0.02560639
0.02950406
-0.02922053
0.02487522
-0.01715065
0.00718664
0.00358708
-0.01365543
0.02163051
-0.02644229
0.02748154
-0.02467577
0.01848905
-0.00984719
0.00000000
0.00965883
-0.01778850
0.02328669
-0.02543845
0.02400827
-0.01926375
0.01192867
-0.00307354
-0.00604001
0.01413853
-0.02011420
0.02317589
-0.02295316
0.01953986
-0.01347209
0.00564522
0.00281770
-0.01072655
0.01699109
-0.02077082
0.02158717
-0.01938319
0.01452343
-0.00773511
0.00000000
0.00758716
-0.01397314
0.01829205
-0.01998228
0.01885886
-0.01513197
0.00937015
-0.00241431
-0.00474452
0.01110603
-0.01580001
0.01820501
-0.01803005
0.01534885
-0.01058253
0.00443440
0.00221335
-0.00842586
0.01334676
-0.01631579
0.01695704
-0.01522579
0.01140837
-0.00607605
0.00000000
0.00595983
-0.01097611
0.01436868
-0.01569638
0.01481392
-0.01188639
0.00736039
-0.00189648
-0.00372689
0.00872395
-0.01241114
0.01430031
-0.01416288
0.01205675
-0.00831274
0.00348329
0.00173862
-0.00661864
0.01048408
-0.01281630
0.01332001
-0.01196008
0.00896145
-0.00477283
0.00000000
0.00468153
-0.00862190
0.01128681
-0.01232974
0.01163655
-0.00933694
0.00578170
-0.00148971
-0.00292753
0.00685279
-0.00974914
0.01123311
-0.01112515
0.00947076
-0.00652978
0.00273618
0.00136571
-0.00519904
0.00823540
-0.01006739
0.01046307
-0.00939483
0.00703935
-0.00374913
0.00000000
0.00367741
-0.00677263
0.00886596
-0.00968520
0.00914069
-0.00733430
0.00454161
-0.00117019
-0.00229962
0.00538297
-0.00765810
0.00882377
-0.00873898
0.00743942
-0.00512924
0.00214931
0.00107279
-0.00408393
0.00646903
-0.00790809
0.00821890
-0.00737978
0.00552952
-0.00294500
0.00000000
0.36108309
-0.66500036
0.87054314
-0.95098370
0.89751849
-0.72015067
0.44593799
-0.11490049
-0.22579791
0.52855072
-0.75194368
0.86640080
-0.85807456
0.73047247
-0.50363693
0.21103923
0.10533616
-0.40099823
0.63519008
-0.77649043
0.80700854
-0.72461566
0.54293977
-0.28916737
0.00000000
0.28363619
-0.52236778
0.68382472
-0.74701199
0.70501427
-0.56568917
0.35029100
-0.09025606
-0.17736766
0.41518453
-0.59066306
0.68057085
-0.67403046
0.57379710
-0.39561438
0.16577448
0.08274314
-0.31499014
0.49895135
-0.60994490
0.63391734
-0.56919649
0.42648735
-0.22714531
0.00000000
0.22280049
-0.41032774
0.53715460
-0.58678914
0.55379930
-0.44435735
0.27515884
-0.07089749
-0.13932496
0.32613369
-0.46397471
0.53459864
-0.52946106
0.45072625
-0.31076104
0.13021835
0.06499598
-0.24742949
0.39193379
-0.47912089
0.49795160
-0.44711240
0.33501223
-0.17842606
0.00000000
0.17501313
-0.32231861
0.42194301
-0.46093169
0.43501768
-0.34904938
0.21614141
-0.05569104
-0.10944185
0.25618292
-0.36445911
0.41993526
-0.41589962
0.35405224
-0.24410747
0.10228847
0.05105532
-0.19435958
0.30786988
-0.37635666
0.39114846
-0.35121351
0.26315714
-0.14015635
0.00000000
0.13747545
-0.25318611
0.33144257
-0.36206877
0.34171292
-0.27418353
0.16978232
-0.04374615
-0.08596822
0.20123553
-0.28628811
0.32986546
-0.32669540
0.27811336
-0.19175008
0.08034913
0.04010472
-0.15267237
0.24183642
-0.29563381
0.30725300
-0.27588349
0.20671389
-0.11009492
0.00000000
0.10798903
-0.19888149
0.26035312
-0.28441046
0.26842064
-0.21537528
0.13336657
-0.03436326
-0.06752933
0.15807353
-0.22488361
0.25911428
-0.25662415
0.21846222
-0.15062257
0.06311545
0.03150286
-0.11992644
0.18996614
-0.23222480
0.24135185
-0.21671063
0.16237687
-0.08648121
0.00000000
0.08482701
-0.15622440
0.20451129
-0.22340869
0.21084844
-0.16918052
0.10476144
-0.02699286
-0.05304530
0.12416914
-0.17664946
0.20353816
-0.20158213
0.17160536
-0.11831629
0.04957813
0.02474597
-0.09420402
0.14922126
-0.18241607
0.18958550
-0.17022946
0.12754947
-0.06793229
0.00000000
0.06663289
-0.12271662
0.16064669
-0.17549089
0.16562462
-0.13289384
0.08229169
-0.02120330
-0.04166788
0.09753672
-0.13876080
0.15988228
-0.15834579
0.13479859
-0.09293923
0.03894437
0.01943833
-0.07399868
0.11721554
-0.14329057
0.14892226
-0.13371780
0.10019202
-0.05336184
0.00000000
0.05234114
-0.09639575
0.12619039
-0.13785073
0.13010063
-0.10439011
0.06464136
-0.01665551
-0.03273075
0.07661656
-0.10899870
0.12558994
-0.12438300
0.10588632
-0.07300516
0.03059139
0.01526910
-0.05812707
0.09207457
-0.11255689
0.11698068
-0.10503734
0.07870234
-0.04191653
0.00000000
0.04111475
-0.07572031
0.09912445
-0.10828382
0.10219600
-0.08200000
0.05077676
-0.01308315
-0.02571049
0.06018346
-0.08562012
0.09865278
-0.09770471
0.08317529
-0.05734665
0.02402999
0.01199411
-0.04565969
0.07232596
-0.08841513
0.09189008
-0.08250841
0.06182187
-0.03292606
0.00000000
0.03229625
-0.05947944
0.07786375
-0.08505857
0.08027649
-0.06441223
0.03988591
-0.01027701
-0.02019598
0.04727501
-0.06725589
0.07749324
-0.07674852
0.06533544
-0.04504666
0.01887592
0.00942155
-0.03586637
0.05681313
-0.06945142
0.07218104
-0.06481160
0.04856201
-0.02586392
0.00000000
0.02536919
-0.04672199
0.06116314
-0.06681478
0.06305839
-0.05059678
0.03133098
-0.00807275
-0.01586425
0.03713523
-0.05283051
0.06087211
-0.06028712
0.05132197
-0.03538483
0.01482732
0.00740077
-0.02817357
0.04462757
-0.05455513
0.05669929
-0.05091048
0.03814619
-0.02031649
0.00000000
0.01992788
-0.03670083
0.04804457
-0.05248402
0.04953332
-0.03974453
0.02461096
-0.00634126
-0.01246160
0.02917028
-0.04149916
0.04781596
-0.04735644
0.04031418
-0.02779531
0.01164708
0.00581342
-0.02213077
0.03505562
-0.04285387
0.04453814
-0.03999095
0.02996440
-0.01595891
0.00000000
0.01565365
-0.02882905
0.03773973
-0.04122698
0.03890916
-0.03121993
0.01933228
-0.00498116
-0.00978878
0.02291370
-0.03259821
0.03756015
-0.03719919
0.03166740
-0.02183364
0.00914896
0.00456653
-0.01738405
0.02753672
-0.03366236
0.03498538
-0.03141349
0.02353749
-0.01253597
0.00000000
0.01229618
-0.02264565
0.02964513
-0.03238442
0.03056373
-0.02452372
0.01518579
-0.00391277
-0.00768923
0.01799905
-0.02560639
0.02950406
-0.02922053
0.02487522
-0.01715065
0.00718664
0.00358708
-0.01365543
0.02163051
-0.02644229
0.02748154
-0.02467577
0.01848905
-0.00984719
0.00000000
0.00965883
-0.01778850
0.02328669
-0.02543845
0.02400827
-0.01926375
0.01192867
-0.00307354
-0.00604001
0.01413853
-0.02011420
0.02317589
-0.02295316
0.01953986
-0.01347209
0.00564522
0.00281770
-0.01072655
0.01699109
-0.02077082
0.02158717
-0.01938319
0.01452343
-0.00773511
0.00000000
0.00758716
-0.01397314
0.01829205
-0.01998228
0.01885886
-0.01513197
0.00937015
-0.00241431
-0.00474452
0.01110603
-0.01580001
0.01820501
-0.01803005
0.01534885
-0.01058253
0.00443440
0.00221335
-0.00842586
0.01334676
-0.01631579
0.01695704
-0.01522579
0.01140837
-0.00607605
0.00000000
0.00595983
-0.01097611
0.01436868
-0.01569638
0.01481392
-0.01188639
0.00736039
-0.00189648
-0.00372689
0.00872395
-0.01241114
0.01430031
-0.01416288
0.01205675
-0.00831274
0.00348329
0.00173862
-0.00661864
0.01048408
-0.01281630
0.01332001
-0.01196008
0.00896145
-0.00477283
0.00000000
0.00468153
-0.00862190
0.01128681
-0.01232974
0.01163655
-0.00933694
0.00578170
-0.00148971
-0.00292753
0.00685279
-0.00974914
0.01123311
-0.01112515
0.00947076
-0.00652978
0.00273618
0.00136571
-0.00519904
0.00823540
-0.01006739
0.01046307
-0.00939483
0.00703935
-0.00374913
0.00000000
0.00367741
-0.00677263
0.00886596
-0.00968520
0.00914069
-0.00733430
0.00454161
-0.00117019
-0.00229962
0.00538297
-0.00765810
0.00882377
-0.00873898
0.00743942
-0.00512924
0.00214931
0.00107279
-0.00408393
0.00646903
-0.00790809
0.00821890
-0.00737978
0.00552952
-0.00294500
0.00000000
0.36108309
-0.66500036
0.87054314
-0.95098370
0.89751849
-0.72015067
0.44593799
-0.11490049
-0.22579791
0.52855072
-0.75194368
0.86640080
-0.85807456
0.73047247
-0.50363693
0.21103923
0.10533616
-0.40099823
0.63519008
-0.77649043
0.80700854
-0.72461566
0.54293977
-0.28916737
0.00000000
0.28363619
-0.52236778
0.68382472
-0.74701199
0.70501427
-0.56568917
0.35029100
-0.09025606
-0.17736766
0.41518453
-0.59066306
0.68057085
-0.67403046
0.57379710
-0.39561438
0.16577448
0.08274314
-0.31499014
0.49895135
-0.60994490
0.63391734
-0.56919649
0.42648735
-0.22714531
0.00000000
0.22280049
-0.41032774
0.53715460
-0.58678914
0.55379930
-0.44435735
0.27515884
-0.07089749
-0.13932496
0.32613369
-0.46397471
0.53459864
-0.52946106
0.45072625
-0.31076104
0.13021835
0.06499598
-0.24742949
0.39193379
-0.47912089
0.49795160
-0.44711240
0.33501223
-0.17842606
0.00000000
0.17501313
-0.32231861
0.42194301
-0.46093169
0.43501768
-0.34904938
0.21614141
-0.05569104
-0.10944185
0.25618292
-0.36445911
0.41993526
-0.41589962
0.35405224
-0.24410747
0.10228847
0.05105532
-0.19435958
0.30786988
-0.37635666
0.39114846
-0.35121351
0.26315714
-0.14015635
0.00000000
0.13747545
-0.25318611
0.33144257
-0.36206877
0.34171292
-0.27418353
0.16978232
-0.04374615
-0.08596822
0.20123553
-0.28628811
0.32986546
-0.32669540
0.27811336
-0.19175008
0.08034913
0.04010472
-0.15267237
0.24183642
-0.29563381
0.30725300
-0.27588349
0.20671389
-0.11009492
0.00000000
0.10798903
-0.19888149
0.26035312
-0.28441046
0.26842064
-0.21537528
0.13336657
-0.03436326
-0.06752933
0.15807353
-0.22488361
0.25911428
-0.25662415
0.21846222
-0.15062257
0.06311545
0.03150286
-0.11992644
0.18996614
-0.23222480
0.24135185
-0.21671063
0.16237687
-0.08648121
0.00000000
0.08482701
-0.15622440
0.20451129
-0.22340869
0.21084844
-0.16918052
0.10476144
-0.02699286
-0.05304530
0.12416914
-0.17664946
0.20353816
-0.20158213
0.17160536
-0.11831629
0.04957813
0.02474597
-0.09420402
0.14922126
-0.18241607
0.18958550
-0.17022946
0.12754947
-0.06793229
0.00000000
0.06663289
-0.12271662
0.16064669
-0.17549089
0.16562462
-0.13289384
0.08229169
-0.02120330
-0.04166788
0.09753672
-0.13876080
0.15988228
-0.15834579
0.13479859
-0.09293923
0.03894437
0.01943833
-0.07399868
0.11721554
-0.14329057
0.14892226
-0.13371780
0.10019202
-0.05336184
0.00000000
0.05234114
-0.09639575
0.12619039
-0.13785073
0.13010063
-0.10439011
0.06464136
-0.01665551
-0.03273075
0.07661656
-0.10899870
0.12558994
-0.12438300
0.10588632
-0.07300516
0.03059139
0.01526910
-0.05812707
0.09207457
-0.11255689
0.11698068
-0.10503734
0.07870234
-0.04191653
0.00000000
0.04111475
-0.07572031
0.09912445
-0.10828382
0.10219600
-0.08200000
0.05077676
-0.01308315
-0.02571049
0.06018346
-0.08562012
0.09865278
-0.09770471
0.08317529
-0.05734665
0.02402999
0.01199411
-0.04565969
0.07232596
-0.08841513
0.09189008
-0.08250841
0.06182187
-0.03292606
0.00000000
0.03229625
-0.05947944
0.07786375
-0.08505857
0.08027649
-0.06441223
0.03988591
-0.01027701
-0.02019598
0.04727501
-0.06725589
0.07749324
-0.07674852
0.06533544
-0.04504666
0.01887592
0.00942155
-0.03586637
0.05681313
-0.06945142
0.07218104
-0.06481160
0.04856201
-0.02586392
0.00000000
0.02536919
-0.04672199
0.06116314
-0.06681478
0.06305839
-0.05059678
0.03133098
-0.00807275
-0.01586425
0.03713523
-0.05283051
0.06087211
-0.06028712
0.05132197
-0.03538483
0.01482732
0.00740077
-0.02817357
0.04462757
-0.05455513
0.05669929
-0.05091048
0.03814619
-0.02031649
0.00000000
0.01992788
-0.03670083
0.04804457
-0.05248402
0.04953332
-0.03974453
0.02461096
-0.00634126
-0.01246160
0.02917028
-0.04149916
0.04781596
-0.04735644
0.04031418
-0.02779531
0.01164708
0.00581342
-0.02213077
0.03505562
-0.04285387
0.04453814
-0.03999095
0.02996440
-0.01595891
0.00000000
0.01565365
-0.02882905
0.03773973
-0.04122698
0.03890916
-0.03121993
0.01933228
-0.00498116
-0.00978878
0.02291370
-0.03259821
0.03756015
-0.03719919
0.03166740
-0.02183364
0.00914896
0.00456653
-0.01738405
0.02753672
-0.03366236
0.03498538
-0.03141349
0.02353749
-0.01253597
0.00000000
0.01229618
-0.02264565
0.02964513
-0.03238442
0.03056373
-0.02452372
0.01518579
-0.00391277
-0.00768923
0.01799905
-0.02560639
0.02950406
-0.02922053
0.02487522
-0.01715065
0.00718664
0.00358708
-0.01365543
0.02163051
-0.02644229
0.02748154
-0.02467577
0.01848905
-0.00984719
0.00000000
0.00965883
-0.01778850
0.02328669
-0.02543845
0.02400827
-0.01926375
0.01192867
-0.00307354
-0.00604001
0.01413853
-0.02011420
0.02317589
-0.02295316
0.01953986
-0.01347209
0.00564522
0.00281770
-0.01072655
0.01699109
-0.02077082
0.02158717
-0.01938319
0.01452343
-0.00773511
0.00000000
0.00758716
-0.01397314
0.01829205
-0.01998228
0.01885886
-0.01513197
0.00937015
-0.00241431
-0.00474452
0.01110603
-0.01580001
0.01820501
-0.01803005
0.01534885
-0.01058253
0.00443440
0.00221335
-0.00842586
0.01334676
-0.01631579
0.01695704
-0.01522579
0.01140837
-0.00607605
0.00000000
0.00595983
-0.01097611
0.01436868
-0.01569638
0.01481392
-0.01188639
0.00736039
-0.00189648
-0.00372689
0.00872395
-0.01241114
0.01430031
-0.01416288
0.01205675
-0.00831274
0.00348329
0.00173862
-0.00661864
0.01048408
-0.01281630
0.01332001
-0.01196008
0.00896145
-0.00477283
0.00000000
0.00468153
-0.00862190
0.01128681
-0.01232974
0.01163655
-0.00933694
0.00578170
-0.00148971
-0.00292753
0.00685279
-0.00974914
0.01123311
-0.01112515
0.00947076
-0.00652978
0.00273618
0.00136571
-0.00519904
0.00823540
-0.01006739
0.01046307
-0.00939483
0.00703935
-0.00374913
0.00000000
0.00367741
-0.00677263
0.00886596
-0.00968520
0.00914069
-0.00733430
0.00454161
-0.00117019
-0.00229962
0.00538297
-0.00765810
0.00882377
-0.00873898
0.00743942
-0.00512924
0.00214931
0.00107279
-0.00408393
0.00646903
-0.00790809
0.00821890
-0.00737978
0.00552952
-0.00294500
0.00000000
0.36108309
-0.66500036
0.87054314
-0.95098370
0.89751849
-0.72015067
0.44593799
-0.11490049
-0.22579791
0.52855072
-0.75194368
0.86640080
-0.85807456
0.73047247
-0.50363693
0.21103923
0.10533616
-0.40099823
0.63519008
-0.77649043
0.80700854
-0.72461566
0.54293977
-0.28916737
0.00000000
0.28363619
-0.52236778
0.68382472
-0.74701199
0.70501427
-0.56568917
0.35029100
-0.09025606
-0.17736766
0.41518453
-0.59066306
0.68057085
-0.67403046
0.57379710
-0.39561438
0.16577448
0.08274314
-0.31499014
0.49895135
-0.60994490
0.63391734
-0.56919649
0.42648735
-0.22714531
0.00000000
0.22280049
-0.41032774
0.53715460
-0.58678914
0.55379930
-0.44435735
0.27515884
-0.07089749
-0.13932496
0.32613369
-0.46397471
0.53459864
-0.52946106
0.45072625
-0.31076104
0.13021835
0.06499598
-0.24742949
0.39193379
-0.47912089
0.49795160
-0.44711240
0.33501223
-0.17842606
0.00000000
0.17501313
-0.32231861
0.42194301
-0.46093169
0.43501768
-0.34904938
0.21614141
-0.05569104
-0.10944185
0.25618292
-0.36445911
0.41993526
-0.41589962
0.35405224
-0.24410747
0.10228847
0.05105532
-0.19435958
0.30786988
-0.37635666
0.39114846
-0.35121351
0.26315714
-0.14015635
0.00000000
0.13747545
-0.25318611
0.33144257
-0.36206877
0.34171292
-0.27418353
0.16978232
-0.04374615
-0.08596822
0.20123553
-0.28628811
0.32986546
-0.32669540
0.27811336
-0.19175008
0.08034913
0.04010472
-0.15267237
0.24183642
-0.29563381
0.30725300
-0.27588349
0.20671389
-0.11009492
0.00000000
0.10798903
-0.19888149
0.26035312
-0.28441046
0.26842064
-0.21537528
0.13336657
-0.03436326
-0.06752933
0.15807353
-0.22488361
0.25911428
-0.25662415
0.21846222
-0.15062257
0.06311545
0.03150286
-0.11992644
0.18996614
-0.23222480
0.24135185
-0.21671063
0.16237687
-0.08648121
0.00000000
0.08482701
-0.15622440
0.20451129
-0.22340869
0.21084844
-0.16918052
0.10476144
-0.02699286
-0.05304530
0.12416914
-0.17664946
0.20353816
-0.20158213
0.17160536
-0.11831629
0.04957813
0.02474597
-0.09420402
0.14922126
-0.18241607
0.18958550
-0.17022946
0.12754947
-0.06793229
0.00000000
0.06663289
-0.12271662
0.16064669
-0.17549089
0.16562462
-0.13289384
0.08229169
-0.02120330
-0.04166788
0.09753672
-0.13876080
0.15988228
-0.15834579
0.13479859
-0.09293923
0.03894437
0.01943833
-0.07399868
0.11721554
-0.14329057
0.14892226
-0.13371780
0.10019202
-0.05336184
0.00000000
0.05234114
-0.09639575
0.12619039
-0.13785073
0.13010063
-0.10439011
0.06464136
-0.01665551
-0.03273075
0.07661656
-0.10899870
0.12558994
-0.12438300
0.10588632
-0.07300516
0.03059139
0.01526910
-0.05812707
0.09207457
-0.11255689
0.11698068
-0.10503734
0.07870234
-0.04191653
0.00000000
0.04111475
-0.07572031
0.09912445
-0.10828382
0.10219600
-0.08200000
0.05077676
-0.01308315
-0.02571049
0.06018346
-0.08562012
0.09865278
-0.09770471
0.08317529
-0.05734665
0.02402999
0.01199411
-0.04565969
0.07232596
-0.08841513
0.09189008
-0.08250841
0.06182187
-0.03292606
0.00000000
0.03229625
-0.05947944
0.07786375
-0.08505857
0.08027649
-0.06441223
0.03988591
-0.01027701
-0.02019598
0.04727501
-0.06725589
0.07749324
-0.07674852
0.06533544
-0.04504666
0.01887592
0.00942155
-0.03586637
0.05681313
-0.06945142
0.07218104
-0.06481160
0.04856201
-0.02586392
0.00000000
0.02536919
-0.04672199
0.06116314
-0.06681478
0.06305839
-0.05059678
0.03133098
-0.00807275
-0.01586425
0.03713523
-0.05283051
0.06087211
-0.06028712
0.05132197
-0.03538483
0.01482732
0.00740077
-0.02817357
0.04462757
-0.05455513
0.05669929
-0.05091048
0.03814619
-0.02031649
0.00000000
0.01992788
-0.03670083
0.04804457
-0.05248402
0.04953332
-0.03974453
0.02461096
-0.00634126
-0.01246160
0.02917028
-0.04149916
0.04781596
-0.04735644
0.04031418
-0.02779531
0.01164708
0.00581342
-0.02213077
0.03505562
-0.04285387
0.04453814
-0.03999095
0.02996440
-0.01595891
0.00000000
0.01565365
-0.02882905
0.03773973
-0.04122698
0.03890916
-0.03121993
0.01933228
-0.00498116
-0.00978878
0.02291370
-0.03259821
0.03756015
-0.03719919
0.03166740
-0.02183364
0.00914896
0.00456653
-0.01738405
0.02753672
-0.03366236
0.03498538
-0.03141349
0.02353749
-0.01253597
0.00000000
0.01229618
-0.02264565
0.02964513
-0.03238442
0.03056373
-0.02452372
0.01518579
-0.00391277
-0.00768923
0.01799905
-0.02560639
0.02950406
-0.02922053
0.02487522
-0.01715065
0.00718664
0.00358708
-0.01365543
0.02163051
-0.02644229
0.02748154
-0.02467577
0.01848905
-0.00984719
0.00000000
0.00965883
-0.01778850
0.02328669
-0.02543845
0.02400827
-0.01926375
0.01192867
-0.00307354
-0.00604001
0.01413853
-0.02011420
0.02317589
-0.02295316
0.01953986
-0.01347209
0.00564522
0.00281770
-0.01072655
0.01699109
-0.02077082
0.02158717
-0.01938319
0.01452343
-0.00773511
0.00000000
0.00758716
-0.01397314
0.01829205
-0.01998228
0.01885886
-0.01513197
0.00937015
-0.00241431
-0.00474452
0.01110603
-0.01580001
0.01820501
-0.01803005
0.01534885
-0.01058253
0.00443440
0.00221335
-0.00842586
0.01334676
-0.01631579
0.01695704
-0.01522579
0.01140837
-0.00607605
0.00000000
0.00595983
-0.01097611
0.01436868
-0.01569638
0.01481392
-0.01188639
0.00736039
-0.00189648
-0.00372689
0.00872395
-0.01241114
0.01430031
-0.01416288
0.01205675
-0.00831274
0.00348329
0.00173862
-0.00661864
0.01048408
-0.01281630
0.01332001
-0.01196008
0.00896145
-0.00477283
0.00000000
0.00468153
-0.00862190
0.01128681
-0.01232974
0.01163655
-0.00933694
0.00578170
-0.00148971
-0.00292753
0.00685279
-0.00974914
0.01123311
-0.01112515
0.00947076
-0.00652978
0.00273618
0.00136571
-0.00519904
0.00823540
-0.01006739
0.01046307
-0.00939483
0.00703935
-0.00374913
0.00000000
0.00367741
-0.00677263
0.00886596
-0.00968520
0.00914069
-0.00733430
0.00454161
-0.00117019
-0.00229962
0.00538297
-0.00765810
0.00882377
-0.00873898
0.00743942
-0.00512924
0.00214931
0.00107279
-0.00408393
0.00646903
-0.00790809
0.00821890
-0.00737978
0.00552952
-0.00294500
0.00000000
0.36108309
-0.66500036
0.87054314
-0.95098370
0.89751849
-0.72015067
0.44593799
-0.11490049
-0.22579791
0.52855072
-0.75194368
0.86640080
-0.85807456
0.73047247
-0.50363693
0.21103923
0.10533616
-0.40099823
0.63519008
-0.77649043
0.80700854
-0.72461566
0.54293977
-0.28916737
0.00000000
0.28363619
-0.52236778
0.68382472
-0.74701199
0.70501427
-0.56568917
0.35029100
-0.09025606
-0.17736766
0.41518453
-0.59066306
0.68057085
-0.67403046
0.57379710
-0.39561438
0.16577448
0.08274314
-0.31499014
0.49895135
-0.60994490
0.63391734
-0.56919649
0.42648735
-0.22714531
0.00000000
0.22280049
-0.41032774
0.53715460
-0.58678914
0.55379930
-0.44435735
0.27515884
-0.07089749
-0.13932496
0.32613369
-0.46397471
0.53459864
-0.52946106
0.45072625
-0.31076104
0.13021835
0.06499598
-0.24742949
0.39193379
-0.47912089
0.49795160
-0.44711240
0.33501223
-0.17842606
0.00000000
0.17501313
-0.32231861
0.42194301
-0.46093169
0.43501768
-0.34904938
0.21614141
-0.05569104
-0.10944185
0.25618292
-0.36445911
0.41993526
-0.41589962
0.35405224
-0.24410747
0.10228847
0.05105532
-0.19435958
0.30786988
-0.37635666
0.39114846
-0.35121351
0.26315714
-0.14015635
0.00000000
0.13747545
-0.25318611
0.33144257
-0.36206877
0.34171292
-0.27418353
0.16978232
-0.04374615
-0.08596822
0.20123553
-0.28628811
0.32986546
-0.32669540
0.27811336
-0.19175008
0.08034913
0.04010472
-0.15267237
0.24183642
-0.29563381
0.30725300
-0.27588349
0.20671389
-0.11009492
0.00000000
0.10798903
-0.19888149
0.26035312
-0.28441046
0.26842064
-0.21537528
0.13336657
-0.03436326
-0.06752933
0.15807353
-0.22488361
0.25911428
-0.25662415
0.21846222
-0.15062257
0.06311545
0.03150286
-0.11992644
0.18996614
-0.23222480
0.24135185
-0.21671063
0.16237687
-0.08648121
0.00000000
0.08482701
-0.15622440
0.20451129
-0.22340869
0.21084844
-0.16918052
0.10476144
-0.02699286
-0.05304530
0.12416914
-0.17664946
0.20353816
-0.20158213
0.17160536
-0.11831629
0.04957813
0.02474597
-0.09420402
0.14922126
-0.18241607
0.18958550
-0.17022946
0.12754947
-0.06793229
0.00000000
0.06663289
-0.12271662
0.16064669
-0.17549089
0.16562462
-0.13289384
0.08229169
-0.02120330
-0.04166788
0.09753672
-0.13876080
0.15988228
-0.15834579
0.13479859
-0.09293923
0.03894437
0.01943833
-0.07399868
0.11721554
-0.14329057
0.14892226
-0.13371780
0.10019202
-0.05336184
0.00000000
0.05234114
-0.09639575
0.12619039
-0.13785073
0.13010063
-0.10439011
0.06464136
-0.01665551
-0.03273075
0.07661656
-0.10899870
0.12558994
-0.12438300
0.10588632
-0.07300516
0.03059139
0.01526910
-0.05812707
0.09207457
-0.11255689
0.11698068
-0.10503734
0.07870234
-0.04191653
0.00000000
0.04111475
-0.07572031
0.09912445
-0.10828382
0.10219600
-0.08200000
0.05077676
-0.01308315
-0.02571049
0.06018346
-0.08562012
0.09865278
-0.09770471
0.08317529
-0.05734665
0.02402999
0.01199411
-0.04565969
0.07232596
-0.08841513
0.09189008
-0.08250841
0.06182187
-0.03292606
0.00000000
0.03229625
-0.05947944
0.07786375
-0.08505857
0.08027649
-0.06441223
0.03988591
-0.01027701
-0.02019598
0.04727501
-0.06725589
0.07749324
-0.07674852
0.06533544
-0.04504666
0.01887592
0.00942155
-0.03586637
0.05681313
-0.06945142
0.07218104
-0.06481160
0.04856201
-0.02586392
0.00000000
0.02536919
-0.04672199
0.06116314
-0.06681478
0.06305839
-0.05059678
0.03133098
-0.00807275
-0.01586425
0.03713523
-0.05283051
0.06087211
-0.06028712
0.05132197
-0.03538483
0.01482732
0.00740077
-0.02817357
0.04462757
-0.05455513
0.05669929
-0.05091048
0.03814619
-0.02031649
0.00000000
0.01992788
-0.03670083
0.04804457
-0.05248402
0.04953332
-0.03974453
0.02461096
-0.00634126
-0.01246160
0.02917028
-0.04149916
0.04781596
-0.04735644
0.04031418
-0.02779531
0.01164708
0.00581342
-0.02213077
0.03505562
-0.04285387
0.04453814
-0.03999095
0.02996440
-0.01595891
0.00000000
0.01565365
-0.02882905
0.03773973
-0.04122698
0.03890916
-0.03121993
0.01933228
-0.00498116
-0.00978878
0.02291370
-0.03259821
0.03756015
-0.03719919
0.03166740
-0.02183364
0.00914896
0.00456653
-0.01738405
0.02753672
-0.03366236
0.03498538
-0.03141349
0.02353749
-0.01253597
0.00000000
0.01229618
-0.02264565
0.02964513
-0.03238442
0.03056373
-0.02452372
0.01518579
-0.00391277
-0.00768923
0.01799905
-0.02560639
0.02950406
-0.02922053
0.02487522
-0.01715065
0.00718664
0.00358708
-0.01365543
0.02163051
-0.02644229
0.02748154
-0.02467577
0.01848905
-0.00984719
0.00000000
0.00965883
-0.01778850
0.02328669
-0.02543845
0.02400827
-0.01926375
0.01192867
-0.00307354
-0.00604001
0.01413853
-0.02011420
0.02317589
-0.02295316
0.01953986
-0.01347209
0.00564522
0.00281770
-0.01072655
0.01699109
-0.02077082
0.02158717
-0.01938319
0.01452343
-0.00773511
0.00000000
0.00758716
-0.01397314
0.01829205
-0.01998228
0.01885886
-0.01513197
0.00937015
-0.00241431
-0.00474452
0.01110603
-0.01580001
0.01820501
-0.01803005
0.01534885
-0.01058253
0.00443440
0.00221335
-0.00842586
0.01334676
-0.01631579
0.01695704
-0.01522579
0.01140837
-0.00607605
0.00000000
0.00595983
-0.01097611
0.01436868
-0.01569638
0.01481392
-0.01188639
0.00736039
-0.00189648
-0.00372689
0.00872395
-0.01241114
0.01430031
-0.01416288
0.01205675
-0.00831274
0.00348329
0.00173862
-0.00661864
0.01048408
-0.01281630
0.01332001
-0.01196008
0.00896145
-0.00477283
0.00000000
0.00468153
-0.00862190
0.01128681
-0.01232974
0.01163655
-0.00933694
0.00578170
-0.00148971
-0.00292753
0.00685279
-0.00974914
0.01123311
-0.01112515
0.00947076
-0.00652978
0.00273618
0.00136571
-0.00519904
0.00823540
-0.01006739
0.01046307
-0.00939483
0.00703935
-0.00374913
0.00000000
0.00367741
-0.00677263
0.00886596
-0.00968520
0.00914069
-0.00733430
0.00454161
-0.00117019
-0.00229962
0.00538297
-0.00765810
0.00882377
-0.00873898
0.00743942
-0.00512924
0.00214931
0.00107279
-0.00408393
0.00646903
-0.00790809
0.00821890
-0.00737978
0.00552952
-0.00294500
0.00000000
0.36108309
-0.66500036
0.87054314
-0.95098370
0.89751849
-0.72015067
0.44593799
-0.11490049
-0.22579791
0.52855072
-0.75194368
0.86640080
-0.85807456
0.73047247
-0.50363693
0.21103923
0.10533616
-0.40099823
0.63519008
-0.77649043
0.80700854
-0.72461566
0.54293977
-0.28916737
0.00000000
0.28363619
-0.52236778
0.68382472
-0.74701199
0.70501427
-0.56568917
0.35029100
-0.09025606
-0.17736766
0.41518453
-0.59066306
0.68057085
-0.67403046
0.57379710
-0.39561438
0.16577448
0.08274314
-0.31499014
0.49895135
-0.60994490
0.63391734
-0.56919649
0.42648735
-0.22714531
0.00000000
0.22280049
-0.41032774
0.53715460
-0.58678914
0.55379930
-0.44435735
0.27515884
-0.07089749
-0.13932496
0.32613369
-0.46397471
0.53459864
-0.52946106
0.45072625
-0.31076104
0.13021835
0.06499598
-0.24742949
0.39193379
-0.47912089
0.49795160
-0.44711240
0.33501223
-0.17842606
0.00000000
0.17501313
-0.32231861
0.42194301
-0.46093169
0.43501768
-0.34904938
0.21614141
-0.05569104
-0.10944185
0.25618292
-0.36445911
0.41993526
-0.41589962
0.35405224
-0.24410747
0.10228847
0.05105532
-0.19435958
0.30786988
-0.37635666
0.39114846
-0.35121351
0.26315714
-0.14015635
0.00000000
0.13747545
-0.25318611
0.33144257
-0.36206877
0.34171292
-0.27418353
0.16978232
-0.04374615
-0.08596822
0.20123553
-0.28628811
0.32986546
-0.32669540
0.27811336
-0.19175008
0.08034913
0.04010472
-0.15267237
0.24183642
-0.29563381
0.30725300
-0.27588349
0.20671389
-0.11009492
0.00000000
0.10798903
-0.19888149
0.26035312
-0.28441046
0.26842064
-0.21537528
0.13336657
-0.03436326
-0.06752933
0.15807353
-0.22488361
0.25911428
-0.25662415
0.21846222
-0.15062257
0.06311545
0.03150286
-0.11992644
0.18996614
-0.23222480
0.24135185
-0.21671063
0.16237687
-0.08648121
0.00000000
0.08482701
-0.15622440
0.20451129
-0.22340869
0.21084844
-0.16918052
0.10476144
-0.02699286
-0.05304530
0.12416914
-0.17664946
0.20353816
-0.20158213
0.17160536
-0.11831629
0.04957813
0.02474597
-0.09420402
0.14922126
-0.18241607
0.18958550
-0.17022946
0.12754947
-0.06793229
0.00000000
0.06663289
-0.12271662
0.16064669
-0.17549089
0.16562462
-0.13289384
0.08229169
-0.02120330
-0.04166788
0.09753672
-0.13876080
0.15988228
-0.15834579
0.13479859
-0.09293923
0.03894437
0.01943833
-0.07399868
0.11721554
-0.14329057
0.14892226
-0.13371780
0.10019202
-0.05336184
0.00000000
0.05234114
-0.09639575
0.12619039
-0.13785073
0.13010063
-0.10439011
0.06464136
-0.01665551
-0.03273075
0.07661656
-0.10899870
0.12558994
-0.12438300
0.10588632
-0.07300516
0.03059139
0.01526910
-0.05812707
0.09207457
-0.11255689
0.11698068
-0.10503734
0.07870234
-0.04191653
0.00000000
0.04111475
-0.07572031
0.09912445
-0.10828382
0.10219600
-0.08200000
0.05077676
-0.01308315
-0.02571049
0.06018346
-0.08562012
0.09865278
-0.09770471
0.08317529
-0.05734665
0.02402999
0.01199411
-0.04565969
0.07232596
-0.08841513
0.09189008
-0.08250841
0.06182187
-0.03292606
0.00000000
0.03229625
-0.05947944
0.07786375
-0.08505857
0.08027649
-0.06441223
0.03988591
-0.01027701
-0.02019598
0.04727501
-0.06725589
0.07749324
-0.07674852
0.06533544
-0.04504666
0.01887592
0.00942155
-0.03586637
0.05681313
-0.06945142
0.07218104
-0.06481160
0.04856201
-0.02586392
0.00000000
0.02536919
-0.04672199
0.06116314
-0.06681478
0.06305839
-0.05059678
0.03133098
-0.00807275
-0.01586425
0.03713523
-0.05283051
0.06087211
-0.06028712
0.05132197
-0.03538483
0.01482732
0.00740077
-0.02817357
0.04462757
-0.05455513
0.05669929
-0.05091048
0.03814619
-0.02031649
0.00000000
0.01992788
-0.03670083
0.04804457
-0.05248402
0.04953332
-0.03974453
0.02461096
-0.00634126
-0.01246160
0.02917028
-0.04149916
0.04781596
-0.04735644
0.04031418
-0.02779531
0.01164708
0.00581342
-0.02213077
0.03505562
-0.04285387
0.04453814
-0.03999095
0.02996440
-0.01595891
0.00000000
0.01565365
-0.02882905
0.03773973
-0.04122698
0.03890916
-0.03121993
0.01933228
-0.00498116
-0.00978878
0.02291370
-0.03259821
0.03756015
-0.03719919
0.03166740
-0.02183364
0.00914896
0.00456653
-0.01738405
0.02753672
-0.03366236
0.03498538
-0.03141349
0.02353749
-0.01253597
0.00000000
0.01229618
-0.02264565
0.02964513
-0.03238442
0.03056373
-0.02452372
0.01518579
-0.00391277
-0.00768923
0.01799905
-0.02560639
0.02950406
-0.02922053
0.02487522
-0.01715065
0.00718664
0.00358708
-0.01365543
0.02163051
-0.02644229
0.02748154
-0.02467577
0.01848905
-0.00984719
0.00000000
0.00965883
-0.01778850
0.02328669
-0.02543845
0.02400827
-0.01926375
0.01192867
-0.00307354
-0.00604001
0.01413853
-0.02011420
0.02317589
-0.02295316
0.01953986
-0.01347209
0.00564522
0.00281770
-0.01072655
0.01699109
-0.02077082
0.02158717
-0.01938319
0.01452343
-0.00773511
0.00000000
0.00758716
-0.01397314
0.01829205
-0.01998228
0.01885886
-0.01513197
0.00937015
-0.00241431
-0.00474452
0.01110603
-0.01580001
0.01820501
-0.01803005
0.01534885
-0.01058253
0.00443440
0.00221335
-0.00842586
0.01334676
-0.01631579
0.01695704
-0.01522579
0.01140837
-0.00607605
0.00000000
0.00595983
-0.01097611
0.01436868
-0.01569638
0.01481392
-0.01188639
0.00736039
-0.00189648
-0.00372689
0.00872395
-0.01241114
0.01430031
-0.01416288
0.01205675
-0.00831274
0.00348329
0.00173862
-0.00661864
0.01048408
-0.01281630
0.01332001
-0.01196008
0.00896145
-0.00477283
0.00000000
0.00468153
-0.00862190
0.01128681
-0.01232974
0.01163655
-0.00933694
0.00578170
-0.00148971
-0.00292753
0.00685279
-0.00974914
0.01123311
-0.01112515
0.00947076
-0.00652978
0.00273618
0.00136571
-0.00519904
0.00823540
-0.01006739
0.01046307
-0.00939483
0.00703935
-0.00374913
0.00000000
0.00367741
-0.00677263
0.00886596
-0.00968520
0.00914069
-0.00733430
0.00454161
-0.00117019
-0.00229962
0.00538297
-0.00765810
0.00882377
-0.00873898
0.00743942
-0.00512924
0.00214931
0.00107279
-0.00408393
0.00646903
-0.00790809
0.00821890
-0.00737978
0.00552952
-0.00294500
0.00000000
0.36108309
-0.66500036
0.87054314
-0.95098370
0.89751849
-0.72015067
0.44593799
-0.11490049
-0.22579791
0.52855072
-0.75194368
0.86640080
-0.85807456
0.73047247
-0.50363693
0.21103923
0.10533616
-0.40099823
0.63519008
-0.77649043
0.80700854
-0.72461566
0.54293977
-0.28916737
0.00000000
0.28363619
-0.52236778
0.68382472
-0.74701199
0.70501427
-0.56568917
0.35029100
-0.09025606
-0.17736766
0.41518453
-0.59066306
0.68057085
-0.67403046
0.57379710
-0.39561438
0.16577448
0.08274314
-0.31499014
0.49895135
-0.60994490
0.63391734
-0.56919649
0.42648735
-0.22714531
0.00000000
0.22280049
-0.41032774
0.53715460
-0.58678914
0.55379930
-0.44435735
0.27515884
-0.07089749
-0.13932496
0.32613369
-0.46397471
0.53459864
-0.52946106
0.45072625
-0.31076104
0.13021835
0.06499598
-0.24742949
0.39193379
-0.47912089
0.49795160
-0.44711240
0.33501223
-0.17842606
0.00000000
0.17501313
-0.32231861
0.42194301
-0.46093169
0.43501768
-0.34904938
0.21614141
-0.05569104
-0.10944185
0.25618292
-0.36445911
0.41993526
-0.41589962
0.35405224
-0.24410747
0.10228847
0.05105532
-0.19435958
0.30786988
-0.37635666
0.39114846
-0.35121351
0.26315714
-0.14015635
0.00000000
0.13747545
-0.25318611
0.33144257
-0.36206877
0.34171292
-0.27418353
0.16978232
-0.04374615
-0.08596822
0.20123553
-0.28628811
0.32986546
-0.32669540
0.27811336
-0.19175008
0.08034913
0.04010472
-0.15267237
0.24183642
-0.29563381
0.30725300
-0.27588349
0.20671389
-0.11009492
0.00000000
0.10798903
-0.19888149
0.26035312
-0.28441046
0.26842064
-0.21537528
0.13336657
-0.03436326
-0.06752933
0.15807353
-0.22488361
0.25911428
-0.25662415
0.21846222
-0.15062257
0.06311545
0.03150286
-0.11992644
0.18996614
-0.23222480
0.24135185
-0.21671063
0.16237687
-0.08648121
0.00000000
0.08482701
-0.15622440
0.20451129
-0.22340869
0.21084844
-0.16918052
0.10476144
-0.02699286
-0.05304530
0.12416914
-0.17664946
0.20353816
-0.20158213
0.17160536
-0.11831629
0.04957813
0.02474597
-0.09420402
0.14922126
-0.18241607
0.18958550
-0.17022946
0.12754947
-0.06793229
0.00000000
0.06663289
-0.12271662
0.16064669
-0.17549089
0.16562462
-0.13289384
0.08229169
-0.02120330
-0.04166788
0.09753672
-0.13876080
0.15988228
-0.15834579
0.13479859
-0.09293923
0.03894437
0.01943833
-0.07399868
0.11721554
-0.14329057
0.14892226
-0.13371780
0.10019202
-0.05336184
0.00000000
0.05234114
-0.09639575
0.12619039
-0.13785073
0.13010063
-0.10439011
0.06464136
-0.01665551
-0.03273075
0.07661656
-0.10899870
0.12558994
-0.12438300
0.10588632
-0.07300516
0.03059139
0.01526910
-0.05812707
0.09207457
-0.11255689
0.11698068
-0.10503734
0.07870234
-0.04191653
0.00000000
0.04111475
-0.07572031
0.09912445
-0.10828382
0.10219600
-0.08200000
0.05077676
-0.01308315
-0.02571049
0.06018346
-0.08562012
0.09865278
-0.09770471
0.08317529
-0.05734665
0.02402999
0.01199411
-0.04565969
0.07232596
-0.08841513
0.09189008
-0.08250841
0.06182187
-0.03292606
0.00000000
0.03229625
-0.05947944
0.07786375
-0.08505857
0.08027649
-0.06441223
0.03988591
-0.01027701
-0.02019598
0.04727501
-0.06725589
0.07749324
-0.07674852
0.06533544
-0.04504666
0.01887592
0.00942155
-0.03586637
0.05681313
-0.06945142
0.07218104
-0.06481160
0.04856201
-0.02586392
0.00000000
0.02536919
-0.04672199
0.06116314
-0.06681478
0.06305839
-0.05059678
0.03133098
-0.00807275
-0.01586425
0.03713523
-0.05283051
0.06087211
-0.06028712
0.05132197
-0.03538483
0.01482732
0.00740077
-0.02817357
0.04462757
-0.05455513
0.05669929
-0.05091048
0.03814619
-0.02031649
0.00000000
0.01992788
-0.03670083
0.04804457
-0.05248402
0.04953332
-0.03974453
0.02461096
-0.00634126
-0.01246160
0.02917028
-0.04149916
0.04781596
-0.04735644
0.04031418
-0.02779531
0.01164708
0.00581342
-0.02213077
0.03505562
-0.04285387
0.04453814
-0.03999095
0.02996440
-0.01595891
0.00000000
0.01565365
-0.02882905
0.03773973
-0.04122698
0.03890916
-0.03121993
0.01933228
-0.00498116
-0.00978878
0.02291370
-0.03259821
0.03756015
-0.03719919
0.03166740
-0.02183364
0.00914896
0.00456653
-0.01738405
0.02753672
-0.03366236
0.03498538
-0.03141349
0.02353749
-0.01253597
0.00000000
0.01229618
-0.02264565
0.02964513
-0.03238442
0.03056373
-0.02452372
0.01518579
-0.00391277
-0.00768923
0.01799905
-0.02560639
0.02950406
-0.02922053
0.02487522
-0.01715065
0.00718664
0.00358708
-0.01365543
0.02163051
-0.02644229
0.02748154
-0.02467577
0.01848905
-0.00984719
0.00000000
0.00965883
-0.01778850
0.02328669
-0.02543845
0.02400827
-0.01926375
0.01192867
-0.00307354
-0.00604001
0.01413853
-0.02011420
0.02317589
-0.02295316
0.01953986
-0.01347209
0.00564522
0.00281770
-0.01072655
0.01699109
-0.02077082
0.02158717
-0.01938319
0.01452343
-0.00773511
0.00000000
0.00758716
-0.01397314
0.01829205
-0.01998228
0.01885886
-0.01513197
0.00937015
-0.00241431
-0.00474452
0.01110603
-0.01580001
0.01820501
-0.01803005
0.01534885
-0.01058253
0.00443440
0.00221335
-0.00842586
0.01334676
-0.01631579
0.01695704
-0.01522579
0.01140837
-0.00607605
0.00000000
0.00595983
-0.01097611
0.01436868
-0.01569638
0.01481392
-0.01188639
0.00736039
-0.00189648
-0.00372689
0.00872395
-0.01241114
0.01430031
-0.01416288
0.01205675
-0.00831274
0.00348329
0.00173862
-0.00661864
0.01048408
-0.01281630
0.01332001
-0.01196008
0.00896145
-0.00477283
0.00000000
0.00468153
-0.00862190
0.01128681
-0.01232974
0.01163655
-0.00933694
0.00578170
-0.00148971
-0.00292753
0.00685279
-0.00974914
0.01123311
-0.01112515
0.00947076
-0.00652978
0.00273618
0.00136571
-0.00519904
0.00823540
-0.01006739
0.01046307
-0.00939483
0.00703935
-0.00374913
0.00000000
0.00367741
-0.00677263
0.00886596
-0.00968520
0.00914069
-0.00733430
0.00454161
-0.00117019
-0.00229962
0.00538297
-0.00765810
0.00882377
-0.00873898
0.00743942
-0.00512924
0.00214931
0.00107279
-0.00408393
0.00646903
-0.00790809
0.00821890
-0.00737978
0.00552952
-0.00294500
0.00000000
0.36108309
-0.66500036
0.87054314
-0.95098370
0.89751849
-0.72015067
0.44593799
-0.11490049
-0.22579791
0.52855072
-0.75194368
0.86640080
-0.85807456
0.73047247
-0.50363693
0.21103923
0.10533616
-0.40099823
0.63519008
-0.77649043
0.80700854
-0.72461566
0.54293977
-0.28916737
0.00000000
0.28363619
-0.52236778
0.68382472
-0.74701199
0.70501427
-0.56568917
0.35029100
-0.09025606
-0.17736766
0.41518453
-0.59066306
0.68057085
-0.67403046
0.57379710
-0.39561438
0.16577448
0.08274314
-0.31499014
0.49895135
-0.60994490
0.63391734
-0.56919649
0.42648735
-0.22714531
0.00000000
0.22280049
-0.41032774
0.53715460
-0.58678914
0.55379930
-0.44435735
0.27515884
-0.07089749
-0.13932496
0.32613369
-0.46397471
0.53459864
-0.52946106
0.45072625
-0.31076104
0.13021835
0.06499598
-0.24742949
0.39193379
-0.47912089
0.49795160
-0.44711240
0.33501223
-0.17842606
0.00000000
0.17501313
-0.32231861
0.42194301
-0.46093169
0.43501768
-0.34904938
0.21614141
-0.05569104
-0.10944185
0.25618292
-0.36445911
0.41993526
-0.41589962
0.35405224
-0.24410747
0.10228847
0.05105532
-0.19435958
0.30786988
-0.37635666
0.39114846
-0.35121351
0.26315714
-0.14015635
0.00000000
0.13747545
-0.25318611
0.33144257
-0.36206877
0.34171292
-0.27418353
0.16978232
-0.04374615
-0.08596822
0.20123553
-0.28628811
0.32986546
-0.32669540
0.27811336
-0.19175008
0.08034913
0.04010472
-0.15267237
0.24183642
-0.29563381
0.30725300
-0.27588349
0.20671389
-0.11009492
0.00000000
0.10798903
-0.19888149
0.26035312
-0.28441046
0.26842064
-0.21537528
0.13336657
-0.03436326
-0.06752933
0.15807353
-0.22488361
0.25911428
-0.25662415
0.21846222
-0.15062257
0.06311545
0.03150286
-0.11992644
0.18996614
-0.23222480
0.24135185
-0.21671063
0.16237687
-0.08648121
0.00000000
0.08482701
-0.15622440
0.20451129
-0.22340869
0.21084844
-0.16918052
0.10476144
-0.02699286
-0.05304530
0.12416914
-0.17664946
0.20353816
-0.20158213
0.17160536
-0.11831629
0.04957813
0.02474597
-0.09420402
0.14922126
-0.18241607
0.18958550
-0.17022946
0.12754947
-0.06793229
0.00000000
0.06663289
-0.12271662
0.16064669
-0.17549089
0.16562462
-0.13289384
0.08229169
-0.02120330
-0.04166788
0.09753672
-0.13876080
0.15988228
-0.15834579
0.13479859
-0.09293923
0.03894437
0.01943833
-0.07399868
0.11721554
-0.14329057
0.14892226
-0.13371780
0.10019202
-0.05336184
0.00000000
0.05234114
-0.09639575
0.12619039
-0.13785073
0.13010063
-0.10439011
0.06464136
-0.01665551
-0.03273075
0.07661656
-0.10899870
0.12558994
-0.12438300
0.10588632
-0.07300516
0.03059139
0.01526910
-0.05812707
0.09207457
-0.11255689
0.11698068
-0.10503734
0.07870234
-0.04191653
0.00000000
0.04111475
-0.07572031
0.09912445
-0.10828382
0.10219600
-0.08200000
0.05077676
-0.01308315
-0.02571049
0.06018346
-0.08562012
0.09865278
-0.09770471
0.08317529
-0.05734665
0.02402999
0.01199411
-0.04565969
0.07232596
-0.08841513
0.09189008
-0.08250841
0.06182187
-0.03292606
0.00000000
0.03229625
-0.05947944
0.07786375
-0.08505857
0.08027649
-0.06441223
0.03988591
-0.01027701
-0.02019598
0.04727501
-0.06725589
0.07749324
-0.07674852
0.06533544
-0.04504666
0.01887592
0.00942155
-0.03586637
0.05681313
-0.06945142
0.07218104
-0.06481160
0.04856201
-0.02586392
0.00000000
0.02536919
-0.04672199
0.06116314
-0.06681478
0.06305839
-0.05059678
0.03133098
-0.00807275
-0.01586425
0.03713523
-0.05283051
0.06087211
-0.06028712
0.05132197
-0.03538483
0.01482732
0.00740077
-0.02817357
0.04462757
-0.05455513
0.05669929
-0.05091048
0.03814619
-0.02031649
0.00000000
0.01992788
-0.03670083
0.04804457
-0.05248402
0.04953332
-0.03974453
0.02461096
-0.00634126
-0.01246160
0.02917028
-0.04149916
0.04781596
-0.04735644
0.04031418
-0.02779531
0.01164708
0.00581342
-0.02213077
0.03505562
-0.04285387
0.04453814
-0.03999095
0.02996440
-0.01595891
0.00000000
0.01565365
-0.02882905
0.03773973
-0.04122698
0.03890916
-0.03121993
0.01933228
-0.00498116
-0.00978878
0.02291370
-0.03259821
0.03756015
-0.03719919
0.03166740
-0.02183364
0.00914896
0.00456653
-0.01738405
0.02753672
-0.03366236
0.03498538
-0.03141349
0.02353749
-0.01253597
0.00000000
0.01229618
-0.02264565
0.02964513
-0.03238442
0.03056373
-0.02452372
0.01518579
-0.00391277
-0.00768923
0.01799905
-0.02560639
0.02950406
-0.02922053
0.02487522
-0.01715065
0.00718664
0.00358708
-0.01365543
0.02163051
-0.02644229
0.02748154
-0.02467577
0.01848905
-0.00984719
0.00000000
0.00965883
-0.01778850
0.02328669
-0.02543845
0.02400827
-0.01926375
0.01192867
-0.00307354
-0.00604001
0.01413853
-0.02011420
0.02317589
-0.02295316
0.01953986
-0.01347209
0.00564522
0.00281770
-0.01072655
0.01699109
-0.02077082
0.02158717
-0.01938319
0.01452343
-0.00773511
0.00000000
0.00758716
-0.01397314
0.01829205
-0.01998228
0.01885886
-0.01513197
0.00937015
-0.00241431
-0.00474452
0.01110603
-0.01580001
0.01820501
-0.01803005
0.01534885
-0.01058253
0.00443440
0.00221335
-0.00842586
0.01334676
-0.01631579
0.01695704
-0.01522579
0.01140837
-0.00607605
0.00000000
0.00595983
-0.01097611
0.01436868
-0.01569638
0.01481392
-0.01188639
0.00736039
-0.00189648
-0.00372689
0.00872395
-0.01241114
0.01430031
-0.01416288
0.01205675
-0.00831274
0.00348329
0.00173862
-0.00661864
0.01048408
-0.01281630
0.01332001
-0.01196008
0.00896145
-0.00477283
0.00000000
0.00468153
-0.00862190
0.01128681
-0.01232974
0.01163655
-0.00933694
0.00578170
-0.00148971
-0.00292753
0.00685279
-0.00974914
0.01123311
-0.01112515
0.00947076
-0.00652978
0.00273618
0.00136571
-0.00519904
0.00823540
-0.01006739
0.01046307
-0.00939483
0.00703935
-0.00374913
0.00000000
0.00367741
-0.00677263
0.00886596
-0.00968520
0.00914069
-0.00733430
0.00454161
-0.00117019
-0.00229962
0.00538297
-0.00765810
0.00882377
-0.00873898
0.00743942
-0.00512924
0.00214931
0.00107279
-0.00408393
0.00646903
-0.00790809
0.00821890
-0.00737978
0.00552952
-0.00294500
0.00000000
0.36108309
-0.66500036
0.87054314
-0.95098370
0.89751849
-0.72015067
0.44593799
-0.11490049
-0.22579791
0.52855072
-0.75194368
0.86640080
-0.85807456
0.73047247
-0.50363693
0.21103923
0.10533616
-0.40099823
0.63519008
-0.77649043
0.80700854
-0.72461566
0.54293977
-0.28916737
0.00000000
0.28363619
-0.52236778
0.68382472
-0.74701199
0.70501427
-0.56568917
0.35029100
-0.09025606
-0.17736766
0.41518453
-0.59066306
0.68057085
-0.67403046
0.57379710
-0.39561438
0.16577448
0.08274314
-0.31499014
0.49895135
-0.60994490
0.63391734
-0.56919649
0.42648735
-0.22714531
0.00000000
0.22280049
-0.41032774
0.53715460
-0.58678914
0.55379930
-0.44435735
0.27515884
-0.07089749
-0.13932496
0.32613369
-0.46397471
0.53459864
-0.52946106
0.45072625
-0.31076104
0.13021835
0.06499598
-0.24742949
0.39193379
-0.47912089
0.49795160
-0.44711240
0.33501223
-0.17842606
0.00000000
0.17501313
-0.32231861
0.42194301
-0.46093169
0.43501768
-0.34904938
0.21614141
-0.05569104
-0.10944185
0.25618292
-0.36445911
0.41993526
-0.41589962
0.35405224
-0.24410747
0.10228847
0.05105532
-0.19435958
0.30786988
-0.37635666
0.39114846
-0.35121351
0.26315714
-0.14015635
0.00000000
0.13747545
-0.25318611
0.33144257
-0.36206877
0.34171292
-0.27418353
0.16978232
-0.04374615
-0.08596822
0.20123553
-0.28628811
0.32986546
-0.32669540
0.27811336
-0.19175008
0.08034913
0.04010472
-0.15267237
0.24183642
-0.29563381
0.30725300
-0.27588349
0.20671389
-0.11009492
0.00000000
0.10798903
-0.19888149
0.26035312
-0.28441046
0.26842064
-0.21537528
0.13336657
-0.03436326
-0.06752933
0.15807353
-0.22488361
0.25911428
-0.25662415
0.21846222
-0.15062257
0.06311545
0.03150286
-0.11992644
0.18996614
-0.23222480
0.24135185
-0.21671063
0.16237687
-0.08648121
0.00000000
0.08482701
-0.15622440
0.20451129
-0.22340869
0.21084844
-0.16918052
0.10476144
-0.02699286
-0.05304530
0.12416914
-0.17664946
0.20353816
-0.20158213
0.17160536
-0.11831629
0.04957813
0.02474597
-0.09420402
0.14922126
-0.18241607
0.18958550
-0.17022946
0.12754947
-0.06793229
0.00000000
0.06663289
-0.12271662
0.16064669
-0.17549089
0.16562462
-0.13289384
0.08229169
-0.02120330
-0.04166788
0.09753672
-0.13876080
0.15988228
-0.15834579
0.13479859
-0.09293923
0.03894437
0.01943833
-0.07399868
0.11721554
-0.14329057
0.14892226
-0.13371780
0.10019202
-0.05336184
0.00000000
0.05234114
-0.09639575
0.12619039
-0.13785073
0.13010063
-0.10439011
0.06464136
-0.01665551
-0.03273075
0.07661656
-0.10899870
0.12558994
-0.12438300
0.10588632
-0.07300516
0.03059139
0.01526910
-0.05812707
0.09207457
-0.11255689
0.11698068
-0.10503734
0.07870234
-0.04191653
0.00000000
0.04111475
-0.07572031
0.09912445
-0.10828382
0.10219600
-0.08200000
0.05077676
-0.01308315
-0.02571049
0.06018346
-0.08562012
0.09865278
-0.09770471
0.08317529
-0.05734665
0.02402999
0.01199411
-0.04565969
0.07232596
-0.08841513
0.09189008
-0.08250841
0.06182187
-0.03292606
0.00000000
0.03229625
-0.05947944
0.07786375
-0.08505857
0.08027649
-0.06441223
0.03988591
-0.01027701
-0.02019598
0.04727501
-0.06725589
0.07749324
-0.07674852
0.06533544
-0.04504666
0.01887592
0.00942155
-0.03586637
0.05681313
-0.06945142
0.07218104
-0.06481160
0.04856201
-0.02586392
0.00000000
0.02536919
-0.04672199
0.06116314
-0.06681478
0.06305839
-0.05059678
0.03133098
-0.00807275
-0.01586425
0.03713523
-0.05283051
0.06087211
-0.06028712
0.05132197
-0.03538483
0.01482732
0.00740077
-0.02817357
0.04462757
-0.05455513
0.05669929
-0.05091048
0.03814619
-0.02031649
0.00000000
0.01992788
-0.03670083
0.04804457
-0.05248402
0.04953332
-0.03974453
0.02461096
-0.00634126
-0.01246160
0.02917028
-0.04149916
0.04781596
-0.04735644
0.04031418
-0.02779531
0.01164708
0.00581342
-0.02213077
0.03505562
-0.04285387
0.04453814
-0.03999095
0.02996440
-0.01595891
0.00000000
0.01565365
-0.02882905
0.03773973
-0.04122698
0.03890916
-0.03121993
0.01933228
-0.00498116
-0.00978878
0.02291370
-0.03259821
0.03756015
-0.03719919
0.03166740
-0.02183364
0.00914896
0.00456653
-0.01738405
0.02753672
-0.03366236
0.03498538
-0.03141349
0.02353749
-0.01253597
0.00000000
0.01229618
-0.02264565
0.02964513
-0.03238442
0.03056373
-0.02452372
0.01518579
-0.00391277
-0.00768923
0.01799905
-0.02560639
0.02950406
-0.02922053
0.02487522
-0.01715065
0.00718664
0.00358708
-0.01365543
0.02163051
-0.02644229
0.02748154
-0.02467577
0.01848905
-0.00984719
0.00000000
0.00965883
-0.01778850
0.02328669
-0.02543845
0.02400827
-0.01926375
0.01192867
-0.00307354
-0.00604001
0.01413853
-0.02011420
0.02317589
-0.02295316
0.01953986
-0.01347209
0.00564522
0.00281770
-0.01072655
0.01699109
-0.02077082
0.02158717
-0.01938319
0.01452343
-0.00773511
0.00000000
0.00758716
-0.01397314
0.01829205
-0.01998228
0.01885886
-0.01513197
0.00937015
-0.00241431
-0.00474452
0.01110603
-0.01580001
0.01820501
-0.01803005
0.01534885
-0.01058253
0.00443440
0.00221335
-0.00842586
0.01334676
-0.01631579
0.01695704
-0.01522579
0.01140837
-0.00607605
0.00000000
0.00595983
-0.01097611
0.01436868
-0.01569638
0.01481392
-0.01188639
0.00736039
-0.00189648
-0.00372689
0.00872395
-0.01241114
0.01430031
-0.01416288
0.01205675
-0.00831274
0.00348329
0.00173862
-0.00661864
0.01048408
-0.01281630
0.01332001
-0.01196008
0.00896145
-0.00477283
0.00000000
0.00468153
-0.00862190
0.01128681
-0.01232974
0.01163655
-0.00933694
0.00578170
-0.00148971
-0.00292753
0.00685279
-0.00974914
0.01123311
-0.01112515
0.00947076
-0.00652978
0.00273618
0.00136571
-0.00519904
0.00823540
-0.01006739
0.01046307
-0.00939483
0.00703935
-0.00374913
0.00000000
0.00367741
-0.00677263
0.00886596
-0.00968520
0.00914069
-0.00733430
0.00454161
-0.00117019
-0.00229962
0.00538297
-0.00765810
0.00882377
-0.00873898
0.00743942
-0.00512924
0.00214931
0.00107279
-0.00408393
0.00646903
-0.00790809
0.00821890
-0.00737978
0.00552952
-0.00294500
