0.00000000	0.00000000
0.06279052	0.00394265
0.12533323	0.01570842
0.18738131	0.03511176
0.24868989	0.06184666
0.30901699	0.09549150
0.36812455	0.13551569
0.42577929	0.18128801
0.48175367	0.23208660
0.53582679	0.28711035
0.58778525	0.34549150
0.63742399	0.40630934
0.68454711	0.46860474
0.72896863	0.53139526
0.77051324	0.59369066
0.80901699	0.65450850
0.84432793	0.71288965
0.87630668	0.76791340
0.90482705	0.81871199
0.92977649	0.86448431
0.95105652	0.90450850
0.96858316	0.93815334
0.98228725	0.96488824
0.99211470	0.98429158
0.99802673	0.99605735
1.00000000	1.00000000
0.99802673	0.99605735
0.99211470	0.98429158
0.98228725	0.96488824
0.96858316	0.93815334
0.95105652	0.90450850
0.92977649	0.86448431
0.90482705	0.81871199
0.87630668	0.76791340
0.84432793	0.71288965
0.80901699	0.65450850
0.77051324	0.59369066
0.72896863	0.53139526
0.68454711	0.46860474
0.63742399	0.40630934
0.58778525	0.34549150
0.53582679	0.28711035
0.48175367	0.23208660
0.42577929	0.18128801
0.36812455	0.13551569
0.30901699	0.09549150
0.24868989	0.06184666
0.18738131	0.03511176
0.12533323	0.01570842
0.06279052	0.00394265
0.00000000	0.00000000
-0.06279052	0.00394265
-0.12533323	0.01570842
-0.18738131	0.03511176
-0.24868989	0.06184666
-0.30901699	0.09549150
-0.36812455	0.13551569
-0.42577929	0.18128801
-0.48175367	0.23208660
-0.53582679	0.28711035
-0.58778525	0.34549150
-0.63742399	0.40630934
-0.68454711	0.46860474
-0.72896863	0.53139526
-0.77051324	0.59369066
-0.80901699	0.65450850
-0.84432793	0.71288965
-0.87630668	0.76791340
-0.90482705	0.81871199
-0.92977649	0.86448431
-0.95105652	0.90450850
-0.96858316	0.93815334
-0.98228725	0.96488824
-0.99211470	0.98429158
-0.99802673	0.99605735
-1.00000000	1.00000000
-0.99802673	0.99605735
-0.99211470	0.98429158
-0.98228725	0.96488824
-0.96858316	0.93815334
-0.95105652	0.90450850
-0.92977649	0.86448431
-0.90482705	0.81871199
-0.87630668	0.76791340
-0.84432793	0.71288965
-0.80901699	0.65450850
-0.77051324	0.59369066
-0.72896863	0.53139526
-0.68454711	0.46860474
-0.63742399	0.40630934
-0.58778525	0.34549150
-0.53582679	0.28711035
-0.48175367	0.23208660
-0.42577929	0.18128801
-0.36812455	0.13551569
-0.30901699	0.09549150
-0.24868989	0.06184666
-0.18738131	0.03511176
-0.12533323	0.01570842
-0.06279052	0.00394265
